40.718357 -73.970221
33.982668 -118.104332
41.827126 -87.895427
26.175616 -80.231428
39.973331 -75.298163
32.812727 -96.972001
29.784308 -95.393531
38.897222 -77.189759
33.824102 -84.331858
42.373132 -71.140708
42.489752 -83.227211
33.494067 -111.970041
37.690191 -122.128542
47.468576 -122.274888
32.928728 -117.128799
44.978300 -93.280510
28.006248 -82.514100
39.710774 -104.955096
39.234099 -76.647760
38.630681 -90.341011
33.985004 -117.341956
36.134893 -115.167218
45.520404 -122.651087
41.443230 -81.608373
29.514965 -98.475662
