en 1170345 1027076 7630001193 603304811
es 31479 36501 1284217053 102470206
pt 23927 40484 1264138068 98523866
ja 16262 3002 717752415 224049190
ar 3269 695 357132396 25969561
id 4305 40682 303269217 22875021
nl 29319 13477 214758435 20346042
fr 20881 7026 179711345 16192178
ko 30632 1664 166532147 20450792
th 0 0 128250216 11311292
de 18635 8350 116855113 11810338
tr 20536 6983 107316796 10501148
ru 14714 1716 107147450 10804290
ms 392 991 103466437 7487253
it 6812 1359 80132314 8483556
jv 567 3 46386702 3492514
tl 807 345 45567288 3858263
zh 1054 109 38937190 8692541
sw 0 6 33971804 3096342
gl 380 10 30006933 2716265
sv 2828 8052 23273718 2198582
ur 75 75 17740873 1191985
ca 872 381 16819775 1620637
fa 801 337 16705718 1893171
pl 848 63 15410965 1828547
la -1809 -1809 12164894 1028668
no 1227 7940 11029455 849768
el 265 203 10475824 1041222
af 19 68 8770285 901249
ro 135 9 8393189 906448
fi 62 409 8081280 1568873
mt 4 2 7924930 1463887
br -1810 -1810 7774871 779559
hu 988 129 7543508 928745
eo -1810 -1810 6692145 841881
et 117 72 6637070 1182674
lv 895 446 6270667 678587
vi 337 806 5825958 457536
an -1809 -1809 5640254 435496
da 273 3061 5486107 640251
eu 53 7 5408309 936085
he 70 172 5390456 615916
cy -1810 -1810 4610418 525070
qu -1808 -1808 4358615 402738
lt -1810 -1810 4291765 830707
bg -1810 -1810 4204071 561965
rw -1808 -1808 3584049 336693
uk 242 33 3517610 458278
sl 233 61 3507466 453365
hr -1810 -1810 3364782 271103
az 74 66 3255665 473187
cs 287 96 3251998 382263
ga -1810 -1810 2881808 392827
xh -1809 -1809 2808973 310089
am -1806 -1806 2685882 325134
sq 9 11 2659960 413687
oc -1809 -1809 2615825 298115
mg -1810 -1810 2428894 320175
ta 0 0 2156374 88481
sk -1810 -1810 1788949 252316
wa -1810 -1810 1656471 208522
lb -1810 -1810 1648623 142568
km 0 0 1601134 322230
ht -1809 -1809 1562920 123274
hy -1810 -1810 1526069 187123
sr -1810 -1810 1436927 233018
nn -1809 -1809 1418883 145343
zu -1805 -1805 1403054 105976
ku -1809 -1809 1365660 211705
hi -1809 -1809 1304089 50750
lo -1807 -1807 1178575 110763
kk -1806 -1806 1147235 157900
mk -1808 -1808 1138015 157561
nb -1809 -1809 1054561 77856
is -1809 -1809 1034299 130361
mn -1808 -1808 914689 152388
si -1793 -1793 897252 67006
se -1809 -1809 856225 86616
fo -1804 -1804 822688 52448
ka -1803 -1803 795794 120590
be -1809 -1809 774728 172312
ps -1805 -1805 764166 91151
ug -1798 -1798 741817 91167
ky -1806 -1806 689095 71041
bs -1809 -1809 662050 51135
ml -1791 -1791 586765 47979
bn -1799 -1799 503859 28039
ne -1781 -1781 436263 24480
or -1806 -1806 316574 113035
pa -1658 -1658 288813 55347
vo -1808 -1808 261158 31278
mr -1775 -1775 224782 15607
te -1794 -1794 213933 17119
gu -1788 -1788 205823 26104
kn -1793 -1793 195210 25246
dz -1556 -1556 44684 5819
as -1195 -1195 35168 3883
