0 393 467 2704077 231928
1 75 321 1750678 152613
4 159 249 1213470 110462
2 197 218 1206885 106667
7 164 215 1107155 99124
8 69 149 1017692 91694
12 50 214 1002493 83893
9 217 204 937991 83423
5 109 185 924703 83314
6 36 135 841571 75106
10 134 140 796088 73732
23 121 124 633113 57915
3 20 99 628429 55904
18 97 86 572684 51962
13 109 96 497352 41864
20 30 64 453613 40288
11 15 64 440638 38165
21 21 53 380765 32172
15 119 83 378617 32989
14 26 58 359024 30502
19 43 79 347852 29921
16 13 59 341824 29931
24 7 53 333433 29958
17 92 54 288982 24561
22 46 36 267869 22775
